162.72
162.72
163.61
162.61
161.46
161.95
161.95
161.95
162.66
162.01
164.37
164.76
164.51
164.51
164.51
165.97
163.72
162.55
160.85
159.41
159.41
159.41
159.46
158.8
157.83
158.04
158.37
158.37
158.37
158.41
158.67
158.18
158.07
160.96
160.96
160.96
159.98
160.09
158.86
159.27
158.71
158.71
158.71
158.39
156.68
154.19
153.07
153.94
153.94
153.94
152.77
155.18
154.97
154.97
155.08
155.08
155.08
155.88
156.83
162.17
161.68
162.19
162.19
162.19
163.5
162.92
162.92
161.86
160.31
160.31
160.31
159.71
160.42
160.27
159.49
162.36
162.36
162.36
171.57
173.05
169.38
168.78
168.68
168.68
168.68
171.82
170.58
171.13
171.13
169.9
169.9
169.9
170.24
173.81
172.95
173.34
172.3
172.3
172.3
