0.3448275862068966
0.3333333333333333
-0.40625
-0.5
0.14285714285714285
0.2777777777777778
0.18421052631578946
0.23529411764705882
-0.16
0.3142857142857143
0.20408163265306123
-0.28125
0.3176470588235294
0.27419354838709675
0.14285714285714285
-0.3269230769230769
-0.41904761904761906
-0.3968253968253968
-0.3448275862068966
0.2971014492753623
0.3055555555555556
0.15384615384615385
-0.29365079365079366
-0.2621359223300971
0.2857142857142857
0.3269230769230769
0.42857142857142855
0.14285714285714285
0.08695652173913043
0.4
-0.45454545454545453
-0.38235294117647056
0.2608695652173913
-0.4424778761061947
-0.3387096774193548
-0.17647058823529413
0.33980582524271846
-0.3
0.40404040404040403
-0.4117647058823529
-0.36054421768707484
-0.22077922077922077
-0.23255813953488372
-0.3508771929824561
-0.2833333333333333
-0.4117647058823529
0.24324324324324326
-0.3142857142857143
-0.2608695652173913
0.0
0.37209302325581395
-0.34782608695652173
0.3023255813953488
0.16666666666666666
0.37362637362637363
0.5
0.2736842105263158
0.35714285714285715
0.2857142857142857
-0.3870967741935484
0.3391304347826087
0.36792452830188677
0.38961038961038963
0.26136363636363635
-0.4772727272727273
-0.45454545454545453
-0.08333333333333333
-0.59375
-0.28
-0.4
0.0
0.4
-0.40540540540540543
-0.4358974358974359
0.35106382978723405
0.36585365853658536
0.3333333333333333
0.3010752688172043
0.3275862068965517
-0.44166666666666665
-0.31092436974789917
-0.344
0.358974358974359
0.2966101694915254
0.225
-0.46875
0.3225806451612903
0.0
-0.23404255319148937
0.3235294117647059
0.21212121212121213
0.09090909090909091
0.2463768115942029
-0.3643410852713178
0.34615384615384615
-0.3826086956521739
0.4830508474576271
0.35051546391752575
0.29213483146067415
