212.24428193506424
212.2442819350642
212.2442819350642
214.7640953265481
213.4141952953961
214.89408569991835
214.89408569991835
222.84349699448032
222.84349699448032
222.84349699448032
227.11318079671688
228.60307046072916
228.36308823296892
227.22317265110706
228.10310748622837
228.10310748622837
228.10310748622837
225.32331334800415
225.47330224035443
224.48337555084294
219.85371840696587
212.89423380191514
212.89423380191514
212.89423380191514
217.10392204721165
218.5338161542838
219.23376431858483
216.95393315486132
214.30412939000732
214.30412939000732
214.30412939000732
213.57418344723618
216.47396869934062
216.26398425005036
219.41375098940523
220.85364435596745
220.85364435596745
220.85364435596745
226.06325855026537
228.18310156214858
224.8133511140134
221.9635621593591
221.70358141261875
221.70358141261875
221.70358141261875
228.42308378990901
231.03289051680298
229.44300825789048
226.04326003128534
224.05340739277227
225.84327484148506
225.84327484148506
225.35331112647432
225.35331112647432
222.8334977349904
223.8834199814419
219.1437709831747
219.1437709831747
219.1437709831747
219.95371100186608
222.00355919731905
224.24339332308244
222.84349699448032
224.52337258880306
224.52337258880306
224.52337258880306
224.52337258880306
231.5128549723236
233.19273056664625
231.50285571283362
232.52278018081515
232.52278018081515
232.52278018081515
236.43249064141116
235.45256321138967
229.94297123239127
227.3531630244773
224.87334667095357
224.87334667095357
224.87334667095357
222.47352439334983
222.14354883017927
223.34345996898116
224.0934044307323
226.21324744261557
226.21324744261557
226.21324744261557
228.10310748622837
227.03318672079675
226.1432526261855
228.8630512074695
227.96311785336817
227.96311785336817
227.96311785336817
225.41330668341428
223.76342886756171
224.04340813328216
224.41338073441284
222.4635251338598
222.4635251338598
222.4635251338598
222.17354660864947
224.1633992471624
232.92275056041572
233.29272316154646
235.01259579382895
235.01259579382895
235.01259579382895
231.73283868110389
230.89290088394276
230.0129660488213
229.76298456157105
231.77283571906398
231.77283571906398
231.77283571906398
233.4827090918567
233.37271723746653
232.01281794682433
232.65277055418545
229.81298085902097
229.81298085902097
229.81298085902097
229.81298085902097
233.1527335286861
236.4924861983512
240.2622070260869
241.8620885444895
241.8620885444895
241.8620885444895
242.49204189236042
241.58210927876905
243.3119811705416
245.12184713823441
249.1615479722006
249.1615479722006
249.1615479722006
251.74135692062455
259.42078820895625
260.3007230440776
258.78083560159536
258.56085189281487
258.56085189281487
258.56085189281487
258.550852633325
259.60077487977657
261.3206475120593
262.1605853092205
263.28050237210226
263.28050237210226
263.28050237210226
260.44071267693795
263.3904942264924
268.3101298955798
271.15991885023425
273.22976556466745
273.22976556466745
273.22976556466745
275.519595987881
275.1996196842004
275.16962190573037
276.03955748136167
276.9694886139331
276.9694886139331
276.9694886139331
279.13932792326636
275.61958858278086
272.59981221679635
272.59981221679635
270.8899388440037
270.8899388440037
270.8899388440037
270.3899758695031
275.14962338675025
278.2693923476352
277.53944640486395
276.7695034241328
276.7695034241328
276.7695034241328
278.1993975312049
275.529595247371
279.85927460654744
284.63892064277485
284.81890731359516
284.81890731359516
284.81890731359516
288.7686148121511
294.58818383534015
295.27813274015114
292.79831638662733
294.38819864553966
294.38819864553966
294.38819864553966
296.8880135180434
294.8081675441203
285.4088636235061
281.4991531629099
279.9892649799177
279.9892649799177
279.9892649799177
276.1095522977918
275.96956266493163
279.6192923787871
283.22902505468267
281.59914575781016
281.59914575781016
281.59914575781016
279.2393205181665
278.29939012610515
280.8891983340192
286.25880068015715
284.81890731359516
284.81890731359516
284.81890731359516
287.7286918251895
286.24880142066735
287.68869478722945
287.0087451419085
281.51915168189
281.51915168189
281.51915168189
285.5588525158562
287.6586970087593
289.4885614954321
292.74832008917724
292.8783104625473
292.8783104625473
292.8783104625473
294.0282253038992
297.317981676114
297.9479350239853
291.7683926591558
291.96837784895604
291.96837784895604
291.96837784895604
296.5380394358929
298.517892814916
296.5080416574228
294.4581934619698
297.257986119174
297.257986119174
297.257986119174
303.1875469967532
305.79735372364706
309.93704715251346
313.0168190754381
315.7866139541724
315.7866139541724
315.7866139541724
323.2160637552537
329.3256113036532
325.2659119507068
326.0858512288881
327.89571719658085
327.89571719658085
327.89571719658085
330.57551873990485
337.5849996424057
341.8246856661722
340.0748152554196
335.94512108604323
335.94512108604323
335.94512108604323
327.4057534815701
332.7253595302583
339.3348700531582
342.7646160582337
342.7846145772137
342.7846145772137
342.7846145772137
350.63403327687575
358.49345123602774
357.38353343263583
362.0931846524331
359.8733490456498
359.8733490456498
359.8733490456498
370.3525729911856
383.3416110687156
383.83157478372647
369.0926662954437
368.2727270172627
368.2727270172627
368.2727270172627
369.14266259289406
365.5529284359783
358.71343494480806
367.3727936631613
367.95275071358225
367.95275071358225
367.95275071358225
363.7330632087956
366.1328854863992
367.64277366939143
365.3929402841381
361.2632461147617
361.2632461147617
361.2632461147617
362.10318391192305
366.4928588280399
363.4830817215451
355.88364450913383
349.17414139133325
349.17414139133325
349.17414139133325
355.7736526547433
354.5537429969617
349.87408955563455
349.87408955563455
351.40397625760664
351.40397625760664
351.40397625760664
352.82387110518914
350.80402068820587
348.74417323326287
345.93438131656825
335.865127010123
335.865127010123
335.865127010123
338.0949618763965
336.64506925034436
343.23458125426424
352.3539059091582
339.66484561632905
339.66484561632905
339.66484561632905
324.9559349065164
328.1556979433212
337.95497224353625
338.80490930018755
327.87571867760073
327.87571867760073
327.87571867760073
338.13495891435645
336.6350699908543
344.5644827664364
348.74417323326287
348.3542021131522
348.3542021131522
348.3542021131522
338.4049389205869
339.12488560386805
343.35457236814455
339.6748448758189
333.76528251721993
333.76528251721993
333.76528251721993
320.2962799841692
311.51693015193575
321.1262185218405
329.4955987149834
325.87586677959763
325.87586677959763
325.87586677959763
321.5361881609311
332.9153454605685
344.4644901715363
342.284651602713
337.41501223107554
337.41501223107554
337.41501223107554
341.9246782610724
345.2644309307374
340.0148196984795
341.18473305881116
341.18473305881116
341.18473305881116
341.18473305881116
350.1840665998249
353.1238488898895
343.51456051998485
341.2347293562612
341.2347293562612
341.2347293562612
341.2347293562612
345.33442574716753
343.6745486718248
345.27443019022746
338.7849107812074
331.5954432078866
331.5954432078866
331.5954432078866
328.8056498101723
308.5971463808514
307.1372544953093
316.64655027031375
312.976822037478
312.976822037478
312.976822037478
292.5383356398868
296.5980349928331
301.79764992764086
316.99652435246406
328.6656601773119
328.6656601773119
328.6656601773119
333.32531509965924
330.9754891195056
330.2455431767344
325.7258778872475
326.5958134628788
326.5958134628788
326.5958134628788
320.90623481306017
327.32575940564993
333.9752669665103
330.59551725888497
322.4061237365624
322.4061237365624
322.4061237365624
315.7566161757022
331.37545949910606
336.22510035176356
327.6457357093304
315.55663098590213
315.55663098590213
315.55663098590213
283.2490235736628
268.6001084207902
268.6001084207902
177.44685890981097
221.37360584944818
221.37360584944818
221.37360584944818
221.37360584944818
221.37360584944818
221.37360584944818
221.37360584944818
221.37360584944818
221.37360584944818
221.37360584944818
221.37360584944818
221.37360584944818
221.37360584944818
221.37360584944818
221.37360584944818
221.37360584944818
221.37360584944818
221.37360584944818
221.37360584944818
221.37360584944818
221.37360584944818
221.37360584944818
221.37360584944818
221.37360584944818
221.37360584944818
221.37360584944818
221.37360584944818
262.1505860497304
240.02222479832656
240.02222479832656
240.02222479832656
223.253466633571
217.31390649650191
215.4440449718691
235.28257580005933
250.98141319938327
250.98141319938327
250.98141319938327
251.66136284470434
244.90186342945415
243.36197746799178
242.41204781644026
242.36205151899014
242.36205151899014
242.36205151899014
238.96230329238503
229.55300011228073
235.66254766068
227.44315635988747
222.1235503111993
222.1235503111993
222.1235503111993
220.34368212197654
213.35419973845592
223.34345996898116
215.40404793390903
210.49441152431157
210.49441152431157
210.49441152431157
205.59477437420406
220.33368286248654
232.4927824023451
241.7420974306093
242.04207521530978
242.04207521530978
242.04207521530978
242.04207521530978
242.04207521530978
237.00244843234202
237.632401780213
238.73232032411468
238.73232032411468
238.73232032411468
238.73232032411468
238.73232032411468
240.91215889293798
235.30257431903945
233.81268465502714
233.81268465502714
233.81268465502714
242.20206336714986
252.47130286339572
265.8603113205261
266.2502824406367
263.98045053640317
263.98045053640317
263.98045053640317
266.6602520797274
259.2108037596659
268.41012249048015
279.56929608133703
298.8578676375766
298.8578676375766
298.8578676375766
299.3378320930974
297.79794613163494
296.72802536620327
296.5680372143629
294.7281734682002
294.7281734682002
294.7281734682002
296.7080268472233
296.5380394358929
305.8473500210972
306.24732040069773
308.64714267830146
308.64714267830146
308.64714267830146
308.64714267830146
317.8564606686055
318.12644067483586
316.3565717451032
315.16665986579136
315.16665986579136
315.16665986579136
314.16673391678984
305.32738852761634
297.4379727899943
296.528040176403
299.94778692198815
299.94778692198815
299.94778692198815
297.20798982172414
298.0279290999053
297.38797649254434
226.70321115762633
194.48559708079716
194.48559708079716
194.48559708079716
187.22613469104596
193.25568816352526
200.62514240766652
196.34545934593996
198.73528236405357
198.73528236405357
198.73528236405357
192.7457259295344
187.8160910009569
188.24605915902754
185.71624650805367
186.39619615337475
186.39619615337475
186.39619615337475
187.29612950747617
186.47619022929493
193.48567113179556
190.50589180377096
191.4358229363424
191.4358229363424
191.4358229363424
193.00570667627483
193.17569408760517
195.9954852637893
196.72543120656044
195.10555116917797
195.10555116917797
195.10555116917797
193.04570371423486
188.58603398168808
187.79609248197693
185.46626502080323
178.9467478333134
178.9467478333134
178.9467478333134
179.3067211749538
177.42686039083108
180.29664786446534
176.77690852398007
173.83712623391554
173.83712623391554
173.83712623391554
173.56714622768519
179.2067285800537
178.64677004861286
177.06688704919048
177.40686187185105
177.40686187185105
177.40686187185105
180.22665304803527
184.50633610976183
183.936378318831
182.71646866104908
182.13651161062813
182.13651161062813
182.13651161062813
186.5061880077649
197.1254015861611
255.26109626111
251.14140135122358
251.09140505377349
251.09140505377349
251.09140505377349
250.4714509653926
246.63173532122684
243.66195525269225
240.77216926007773
244.55188934730364
244.55188934730364
244.55188934730364
244.241912303113
243.4019745059518
241.3621255699887
243.23198709462147
244.74187527761376
244.74187527761376
244.74187527761376
244.2919086005631
227.28316820804724
210.784390049522
228.70306305562931
226.32323929700573
226.32323929700573
226.32323929700573
212.1942856376141
212.22428341608415
216.683953148631
217.62388354069242
221.66358437465857
221.66358437465857
221.66358437465857
216.16399165515026
211.54433377076307
207.12466107617647
213.62417974468627
204.22487582407206
204.22487582407206
204.22487582407206
157.50833548672057
162.36797559886807
161.93800744079735
160.8580874158757
159.6581762770739
159.6581762770739
159.6581762770739
162.1779896685577
162.33797782039795
159.32820071390339
161.2880555739464
164.22783786401087
164.22783786401087
164.22783786401087
5.115636963475186
5.133651992031636
5.141282811182491
5.152563132831173
5.138823831674167
5.138823831674167
5.138823831674167
5.136241255587442
5.138354768243963
5.131941758798168
5.123584544754446
5.123584544754446
5.123584544754446
5.123584544754446
5.142393223233308
5.138706586443453
5.126437402464246
5.12780151767489
5.129400499366746
5.129400499366746
5.129400499366746
5.1325908123387345
5.117195601361159
5.125190278624541
5.129282143924931
5.125665556845836
5.125665556845836
5.125665556845836
5.121618472901269
5.123048726603373
5.130287718923638
5.133298390584325
5.128630938464598
5.128630938464598
5.128630938464598
5.124298522613414
5.124893114977371
5.123405970604672
5.11970828007105
5.1078071214337655
5.1078071214337655
5.1078071214337655
5.110524395227994
5.101681331441329
5.0966190220672445
5.094476606983323
5.092820744688084
5.092820744688084
5.092820744688084
5.0912236148071885
5.0902394961828765
5.08363318790437
5.072545625294563
5.0810280819175935
5.0810280819175935
5.0810280819175935
5.064369570347187
5.0640537676887805
5.06215685435462
5.062409984144972
5.076296758675849
5.076296758675849
5.076296758675849
5.086725681088078
5.096252076760741
5.091899634957643
5.090731676565176
5.09165386232546
5.09165386232546
5.09165386232546
5.09165386232546
5.0971080731005305
5.090977675938826
5.0838809396273925
5.086910926887663
5.086910926887663
5.086910926887663
5.091285090073815
5.0872813155629695
5.1017421671392755
5.104111876996345
5.102593478507045
5.102593478507045
5.102593478507045
5.11142851471664
5.097780127959729
5.090608654179563
5.080096039641938
5.071103951524873
5.071103951524873
5.071103951524873
5.071417535730725
5.067270284600241
5.061143693911786
5.062473256581416
5.064559004078738
5.064559004078738
5.064559004078738
5.0648115265749345
5.0664513701791245
5.063358650560334
5.062663049872107
5.080779622244554
5.080779622244554
5.080779622244554
5.074672994989189
5.075360293759587
5.06764801901851
5.07022539220602
5.066703415287019
5.066703415287019
5.066703415287019
5.0646852732983785
5.053831239833218
5.037812525508485
5.030522790280989
5.036189953593364
5.036189953593364
5.036189953593364
5.028561124829047
5.04421217685536
5.042858093467453
5.042858093467453
5.043567603927088
5.043567603927088
5.043567603927088
5.0487125905752555
5.054788076321977
5.088268348475739
5.085242477925152
5.088391659112103
5.088391659112103
5.088391659112103
5.096435566246345
5.092882121844842
5.092882121844842
5.086355086501465
5.076733475678144
5.076733475678144
5.076733475678144
5.072983983318994
5.0774193601211515
5.076483946461302
5.071605639060767
5.089439186007045
5.089439186007045
5.089439186007045
5.144610354848987
5.15319894229443
5.131764671053261
5.128216314068465
5.12762369510428
5.12762369510428
5.12762369510428
5.14606631764008
5.138823831674167
5.142042699994499
5.142042699994499
5.134829761247897
5.134829761247897
5.134829761247897
5.136828790682202
5.1575807962837725
5.1526209504003
5.154873231927274
5.148855837382033
5.148855837382033
