212.17580226792475
212.17580226792475
212.17580226792475
214.69461501555566
213.34525131741546
214.8245537088287
214.8245537088287
222.7707936368148
222.7707936368148
222.7707936368148
227.03876536215543
228.52805619938994
228.2881704756351
227.1487130325333
228.02829425383385
228.02829425383385
228.02829425383385
225.2496163523048
225.39954508056672
224.4100153373246
219.78221030609868
212.8254962430716
212.8254962430716
212.8254962430716
217.03351060679665
218.4628347701248
219.16250368822475
216.88358145843787
214.23483190026394
214.23483190026394
214.23483190026394
213.50517593679868
216.4038081320838
216.19390727704436
219.3424185261211
220.7817368366031
220.7817368366031
220.7817368366031
225.9892646734537
228.1082561705692
224.7398586209052
221.8912108930949
221.63133412399037
221.63133412399037
221.63133412399037
228.34814190832319
230.95689810548436
229.36765608580774
225.96927418064746
223.98021948968838
225.76936924537878
225.76936924537878
225.2796020985484
225.2796020985484
222.76079837981007
223.81030018424775
219.07254626517545
219.07254626517545
219.07254626517545
219.8821629742725
221.93119193249433
224.17012929035423
222.7707936368148
224.4499963433061
224.4499963433061
224.4499963433061
224.4499963433061
231.4366691218323
233.11586710002067
231.426673893077
232.44618706170436
232.44618706170436
232.44618706170436
236.35431781962296
235.3747867778512
229.86741781484847
227.27865118335342
224.7998301231575
224.7998301231575
224.7998301231575
222.40096910550852
222.07112556619242
223.27055644473677
224.02020050134553
226.13919336532783
226.13919336532783
226.13919336532783
228.02829425383385
226.95880341758593
226.06922664336963
228.78793237908133
227.88836089454998
227.88836089454998
227.88836089454998
225.33957359014838
223.69035713936182
223.97022423669134
224.34004857558753
222.39097384727384
222.39097384727384
222.39097384727384
222.10111134399244
224.09016727047398
232.84599605696496
233.21581933231644
234.93499723240282
234.93499723240282
234.93499723240282
231.65656414636737
230.8169648784866
229.93738445048893
229.68750360167263
231.69654505825795
231.69654505825795
231.69654505825795
233.40572856493958
233.2957811158689
231.9364305188754
232.57612499074597
229.73747977304564
229.73747977304564
229.73747977304564
229.73747977304564
233.07588620621368
236.41428909811557
240.18248218243585
241.78171399431184
241.78171399431184
241.78171399431184
242.4114113049991
241.5018484839296
243.23101714703583
245.04014639242413
249.0781992724255
249.0781992724255
249.0781992724255
251.65695327294173
259.3332327452879
260.2128053507881
258.6935434389303
258.4736502128293
258.4736502128293
258.4736502128293
258.4636550658595
259.51314534163436
261.2323096862481
262.0719012706234
263.1913564067078
263.1913564067078
263.1913564067078
260.3527373358885
263.3013028742465
268.2189050573288
271.06751301591635
273.13650056306034
273.13650056306034
273.13650056306034
275.42537915463913
275.10553594293566
275.0755506404272
275.945124315005
276.8746683634366
276.8746683634366
276.8746683634366
279.04360357901515
275.5253301526536
272.50680882415816
272.50680882415816
270.7976449889539
270.7976449889539
270.7976449889539
270.2978893308608
275.05556043862015
278.1740306246316
277.44438879496744
276.6747664370703
276.6747664370703
276.6747664370703
278.1040649758816
275.4353742545614
279.7632500101634
284.5408992462955
284.72081060710764
284.72081060710764
284.72081060710764
288.6688633591608
294.4859869783238
295.1756453965463
292.6968725524383
294.2860859651876
294.2860859651876
294.2860859651876
296.78484790881674
294.7058780811669
285.31052000855135
281.4024441476828
279.8931861567218
279.8931861567218
279.8931861567218
276.0150900041302
275.87515862456615
279.5233678816973
283.1315932947215
281.50239498681185
281.50239498681185
281.50239498681185
279.1435544804411
278.2040159022682
280.79274397202965
286.16010119096546
284.72081060710764
284.72081060710764
284.72081060710764
287.62937644236166
286.15010611931814
287.58939617078136
286.9097314908953
281.42243431571893
281.42243431571893
281.42243431571893
285.46044611316347
287.559410966826
289.38850798526744
292.64689727754103
292.7768329909591
292.7768329909591
292.7768329909591
293.9262641161973
297.21463480571913
297.8443225018059
291.6673817618312
291.867282907245
291.867282907245
291.867282907245
296.43502133080244
298.414039856165
296.4050361941219
294.3560513209288
297.15466454379947
297.15466454379947
297.15466454379947
303.0817211257583
305.6904228942251
309.82836025436967
312.9068230719296
315.6754386895774
315.6754386895774
315.6754386895774
323.10171650867295
329.2086461184284
325.1506872899479
325.97027533438234
327.77936547817603
327.77936547817603
327.77936547817603
330.45801693097303
337.46448200343184
341.7023386585726
339.9532237683261
335.82530997870964
335.82530997870964
335.82530997870964
327.2896118660043
332.6069339110181
339.2135978430091
342.6418629542415
342.66185283079795
342.66185283079795
342.66185283079795
350.50787276030206
358.36387458723436
357.25443999463164
361.96203908733355
359.74317129370934
359.74317129370934
359.74317129370934
370.2178176657603
383.2011514254292
383.6908993213714
368.958462500313
368.1388819836165
368.1388819836165
368.1388819836165
369.0084369176989
365.42027247126094
358.5837624942794
367.2393422365668
367.8190456477796
367.8190456477796
367.8190456477796
363.6012020353437
365.9999760954854
367.5092041777967
365.26035421811486
361.13246250795095
361.13246250795095
361.13246250795095
361.9720339850211
366.3597921038999
363.3513296701462
355.7552036531706
349.04861399610104
349.04861399610104
349.04861399610104
355.6452596364062
354.42588037244167
349.74825866533746
349.74825866533746
351.27748165323976
351.27748165323976
351.27748165323976
352.69676006359515
350.6777864227444
348.61883221923307
345.8102573137831
335.74535035261437
335.74535035261437
335.74535035261437
337.97422440298857
336.5249566469378
343.11162503049957
352.22699894651646
339.5434310406598
339.5434310406598
339.5434310406598
324.84084298941576
328.03923471976555
337.83429512250893
338.6838656879781
327.7593755358832
327.7593755358832
327.7593755358832
338.01420419662304
336.51496169529383
344.44095149905127
348.61883221923307
348.2290301086073
348.2290301086073
348.2290301086073
338.28406779449955
339.00370397759457
343.2315642763768
339.5534259856724
333.6464096622188
333.6464096622188
333.6464096622188
320.1831808547877
311.4075719812927
321.01276481905296
329.37856056953467
325.7603808497499
325.7603808497499
325.7603808497499
321.4225592488152
332.7968381527344
344.3410021537412
342.1621058909614
337.2945678575792
337.2945678575792
337.2945678575792
341.802288060813
345.1405968561155
339.893254103149
341.06266243293726
341.06266243293726
341.06266243293726
341.06266243293726
350.05810127144355
352.9966075609035
343.39148326605186
341.1126371412625
341.1126371412625
341.1126371412625
341.1126371412625
345.2105613860419
343.5514022502113
345.15059178902663
338.6638757941342
331.47750325476665
331.47750325476665
331.47750325476665
328.6889077570666
308.48902832272233
307.0297557278288
316.5350085147807
312.86684304976114
312.86684304976114
312.86684304976114
292.43700111607046
296.4949916034895
301.6924118433959
316.88483339412437
328.5489781878434
328.5489781878434
328.5489781878434
333.2066314891003
330.8578155170444
330.1281830704998
325.6104562117381
326.480019041118
326.480019041118
326.480019041118
320.79287510906596
327.2096520874368
333.8563037751608
330.47800686112686
322.2921229106999
322.2921229106999
322.2921229106999
315.645453692549
331.2576140673389
336.10516865894186
327.5294911930278
315.4455537069676
315.4455537069676
315.4455537069676
283.1515834536891
268.5087635130025
268.5087635130025
177.39195868930616
221.30149049993324
221.30149049993324
221.30149049993324
221.30149049993324
221.30149049993324
221.30149049993324
221.30149049993324
221.30149049993324
221.30149049993324
221.30149049993324
221.30149049993324
221.30149049993324
221.30149049993324
221.30149049993324
221.30149049993324
221.30149049993324
221.30149049993324
221.30149049993324
221.30149049993324
221.30149049993324
221.30149049993324
221.30149049993324
221.30149049993324
221.30149049993324
221.30149049993324
221.30149049993324
221.30149049993324
262.06190613388696
239.94259734276758
239.94259734276758
239.94259734276758
223.18059914542997
217.2434114016143
215.37429426985167
235.2048680970572
250.89732051577764
250.89732051577764
250.89732051577764
251.57699193808773
244.82025228295538
243.28099310639095
242.33144974845848
242.28147377462818
242.28147377462818
242.28147377462818
238.88310575487267
229.47760367310974
235.58468631217332
227.36860836146747
222.0511350474927
222.0511350474927
222.0511350474927
220.27197834801356
213.285279582858
223.27055644473677
215.33431314164793
210.42662544743885
210.42662544743885
210.42662544743885
205.52892459258834
220.2619830826587
232.41620138500784
241.66177163565868
241.96162752403023
241.96162752403023
241.96162752403023
241.96162752403023
241.96162752403023
236.92404491984405
237.55374317574228
238.6532160248136
238.6532160248136
238.6532160248136
238.6532160248136
238.6532160248136
240.83217020082154
235.22485853056352
233.73557088914586
233.73557088914586
233.73557088914586
242.12155065324052
252.38660036663973
265.7700999345088
266.15990984099767
263.8910156876008
263.8910156876008
263.8910156876008
266.5697099535157
259.12333470453405
268.31885625155974
279.4733924363484
298.7538712221565
298.7538712221565
298.7538712221565
299.23363310188756
297.69439686883027
296.62492719122986
296.46500646725815
294.62591768153925
294.62591768153925
294.62591768153925
296.6049371010828
296.43502133080244
305.7403980077501
306.1401988941784
308.53900340252153
308.53900340252153
308.53900340252153
308.53900340252153
317.7444029762464
318.01426780951095
316.2451535930644
315.0557487080952
315.0557487080952
315.0557487080952
314.05624854767933
305.22065679750415
297.33457532687015
296.42502628526734
299.84333040852846
299.84333040852846
299.84333040852846
297.10468932484895
297.924282837107
297.2846001101595
226.6289603741756
194.42410520249416
194.42410520249416
194.42410520249416
187.16746533240217
193.19467591288273
200.56124775150755
196.2832410846152
198.672128826882
198.672128826882
198.672128826882
192.68491237918366
187.7571930311512
188.18699448786455
185.65816161120648
186.3378481672107
186.3378481672107
186.3378481672107
187.23743303266028
186.4178112793627
193.42456923861099
190.4459497900406
191.3755193146328
191.3755193146328
191.3755193146328
192.94479184019895
193.11471301222963
195.93340378742468
196.66306438357117
195.0438173088653
195.0438173088653
195.0438173088653
192.98477329343817
188.52683744867647
187.7372022639507
185.40827680167754
178.89127206088767
178.89127206088767
178.89127206088767
179.25110713130002
177.37196783802963
180.2406532994255
176.7222650805983
173.7836073125142
173.7836073125142
173.7836073125142
173.51373039514698
179.1511529504448
178.59140946126928
177.01213248649913
177.35197698658607
177.35197698658607
177.35197698658607
180.17068540179193
184.44871890101828
183.87898122271073
182.65954224330193
182.07980874681238
182.07980874681238
182.07980874681238
186.4477974457647
197.0628783237847
255.17525015221105
251.05724321563338
251.00726737273905
251.00726737273905
251.00726737273905
250.38756685958353
246.5494192046466
243.5808488465606
240.69223740784096
244.4704207150142
244.4704207150142
244.4704207150142
244.16056986673664
243.32097387332757
241.2819541374952
243.15105561048608
244.66032928506448
244.66032928506448
244.66032928506448
244.21054581197592
227.20868448744193
210.71648910902883
228.62800857878307
226.2491410680235
226.2491410680235
226.2491410680235
212.12582580220155
212.15581168174015
216.61370897204608
217.553264928423
221.59135308058737
221.59135308058737
221.59135308058737
216.0939544836267
211.47613166837496
207.0582076147498
213.55515237853626
204.15956587742383
204.15956587742383
204.15956587742383
157.4609938379013
162.31880806131784
161.88900189201536
160.80948834943345
159.61002822808558
159.61002822808558
159.61002822808558
162.12889371784618
162.28882158712722
159.28017657789917
161.2392947314131
164.17796866291076
164.17796866291076
164.17796866291076
166.60686968312154
169.63549568101962
170.93490494335666
172.87402202231195
170.5150958773231
170.5150958773231
170.5150958773231
170.07529582128296
170.43513223702516
169.34562736060047
167.93626707100486
167.93626707100486
167.93626707100486
167.93626707100486
171.12481854337207
170.495104967509
168.4160493952205
168.6459450563519
168.91582254198136
168.91582254198136
168.91582254198136
169.45557741749533
166.8667519408272
168.20614464084815
168.89583161821562
168.28610835908555
168.28610835908555
168.28610835908555
167.60641666424053
167.84630787392234
169.06575446464112
169.57552292808248
168.78588153437127
168.78588153437127
168.78588153437127
168.05621266156396
168.15616731552015
167.90628067237395
167.28656167843832
165.30745794333916
165.30745794333916
165.30745794333916
165.75725440010265
164.29791445444545
163.4682892633824
163.1184472219679
162.8485690377743
162.8485690377743
162.8485690377743
162.58868631058044
162.42875846317372
161.35924068332423
159.58004171651984
160.93942982271471
160.93942982271471
160.93942982271471
158.28062581344386
158.23064826297468
157.93078293559734
157.97076498168204
160.17977186865303
160.17977186865303
160.17977186865303
161.85901541193633
163.4083163459382
162.698636698914
162.508722388334
162.65865474015683
162.65865474015683
162.65865474015683
162.65865474015683
163.54825315077326
162.54870434982135
161.39922266582712
161.88900189201536
161.88900189201536
161.88900189201536
162.5986818006564
161.9489748509396
164.30790993678048
164.69773371275235
164.44784668474492
164.44784668474492
164.44784668474492
165.90718653225827
163.65820349120867
162.48873140731723
160.78949735285414
159.3501451139805
159.3501451139805
159.3501451139805
159.40012263836005
158.74041922297414
157.77085474376054
157.9807604930862
158.31061234316434
158.31061234316434
158.31061234316434
158.35059438213727
158.6104776172476
158.120697647827
158.01074702701746
160.89944783176372
160.89944783176372
160.89944783176372
159.91988882318205
160.0298393462338
158.80039226911381
159.21020803954153
158.6504596506182
158.6504596506182
158.6504596506182
158.33060336274434
156.6213705109393
154.13248511194755
153.01298549097294
153.8825968560542
153.8825968560542
153.8825968560542
152.71311941825476
155.12204231110425
154.9121362777217
154.9121362777217
155.0220870597376
155.0220870597376
155.0220870597376
155.82172893728756
156.77130327229295
162.10890273336466
161.61912355648664
162.12889371784618
162.12889371784618
162.12889371784618
163.4383028048639
162.85856452666812
162.85856452666812
161.79904245054394
160.24974037555796
160.24974037555796
160.24974037555796
159.65001024285743
160.35969088183805
160.2097583718894
159.4301091524306
162.29881707856973
162.29881707856973
162.29881707856973
171.50464569659476
172.98397191135092
169.31564098053002
168.71591329643584
168.61595866708637
168.61595866708637
168.61595866708637
171.75453194762736
170.5150958773231
171.06484582926473
171.06484582926473
169.8354048461397
169.8354048461397
169.8354048461397
170.17525038686188
173.74362554893798
172.88401746698386
173.2738397758363
172.2343134741702
172.2343134741702
